cycles,risk,fail,suspended
0,95000,0,0
1,95000,124,0
3,94876,56,0
5,94820,118,0
6,94702,28,0
7,94674,109,0
10,94565,14,0
13,94551,179,0
14,94372,32,0
15,94340,46,0
16,94294,86,29726
17,64482,44,19821
18,44617,0,19877
19,24740,0,14854
20,9886,66,9820
